E:\00_git\Python3\15_birds\yolo\JPGs\000000.jpg 75,130,123,178,0 229,340,281,414,1 229,2,281,231,1
E:\00_git\Python3\15_birds\yolo\JPGs\000001.jpg 75,221,123,269,0 208,340,260,414,1 208,2,260,231,1
E:\00_git\Python3\15_birds\yolo\JPGs\000002.jpg 75,222,123,270,0 187,340,239,414,1 187,2,239,231,1
E:\00_git\Python3\15_birds\yolo\JPGs\000003.jpg 75,191,123,239,0 166,340,218,414,1 166,2,218,231,1
E:\00_git\Python3\15_birds\yolo\JPGs\000005.jpg 75,219,123,267,0 124,340,176,414,1 124,2,176,231,1
E:\00_git\Python3\15_birds\yolo\JPGs\000006.jpg 75,270,123,318,0 229,347,281,414,1 229,2,281,238,1
E:\00_git\Python3\15_birds\yolo\JPGs\000007.jpg 75,262,123,310,0 208,347,260,414,1 208,2,260,238,1
E:\00_git\Python3\15_birds\yolo\JPGs\000008.jpg 75,249,123,297,0 187,347,239,414,1 187,2,239,238,1
E:\00_git\Python3\15_birds\yolo\JPGs\000011.jpg 75,240,123,288,0 124,347,176,414,1 124,2,176,238,1
E:\00_git\Python3\15_birds\yolo\JPGs\000012.jpg 75,238,123,286,0 103,347,155,414,1 103,2,155,238,1
E:\00_git\Python3\15_birds\yolo\JPGs\000015.jpg 75,247,123,295,0 40,347,92,414,1 40,2,92,238,1 240,356,286,414,1 240,2,286,247,1
E:\00_git\Python3\15_birds\yolo\JPGs\000016.jpg 75,306,123,354,0 19,347,71,414,1 19,2,71,238,1 219,356,271,414,1 219,2,271,247,1
E:\00_git\Python3\15_birds\yolo\JPGs\000018.jpg 75,263,123,311,0 177,356,229,414,1 177,2,229,247,1
E:\00_git\Python3\15_birds\yolo\JPGs\000019.jpg 75,309,123,357,0 156,356,208,414,1 156,2,208,247,1
E:\00_git\Python3\15_birds\yolo\JPGs\000020.jpg 75,266,123,314,0 135,356,187,414,1 135,2,187,247,1
E:\00_git\Python3\15_birds\yolo\JPGs\000021.jpg 75,276,123,324,0 114,356,166,414,1 114,2,166,247,1
E:\00_git\Python3\15_birds\yolo\JPGs\000023.jpg 75,257,123,305,0 72,356,124,414,1 72,2,124,247,1
E:\00_git\Python3\15_birds\yolo\JPGs\000024.jpg 75,239,123,287,0 51,356,103,414,1 51,2,103,247,1 251,322,286,414,1 251,2,286,213,1
E:\00_git\Python3\15_birds\yolo\JPGs\000025.jpg 75,267,123,315,0 30,356,82,414,1 30,2,82,247,1 230,322,282,414,1 230,2,282,213,1
E:\00_git\Python3\15_birds\yolo\JPGs\000027.jpg 75,255,123,303,0 188,322,240,414,1 188,2,240,213,1
E:\00_git\Python3\15_birds\yolo\JPGs\000028.jpg 75,243,123,291,0 167,322,219,414,1 167,2,219,213,1
E:\00_git\Python3\15_birds\yolo\JPGs\000029.jpg 75,232,123,280,0 146,322,198,414,1 146,2,198,213,1
E:\00_git\Python3\15_birds\yolo\JPGs\000030.jpg 75,239,123,287,0 125,322,177,414,1 125,2,177,213,1
E:\00_git\Python3\15_birds\yolo\JPGs\000031.jpg 75,236,123,284,0 104,322,156,414,1 104,2,156,213,1
E:\00_git\Python3\15_birds\yolo\JPGs\000033.jpg 75,212,123,260,0 62,322,114,414,1 62,2,114,213,1
E:\00_git\Python3\15_birds\yolo\JPGs\000034.jpg 75,247,123,295,0 41,322,93,414,1 41,2,93,213,1 241,337,286,414,1 241,2,286,228,1
E:\00_git\Python3\15_birds\yolo\JPGs\000035.jpg 75,216,123,264,0 20,322,72,414,1 20,2,72,213,1 220,337,272,414,1 220,2,272,228,1
E:\00_git\Python3\15_birds\yolo\JPGs\000036.jpg 75,251,123,299,0 199,337,251,414,1 199,2,251,228,1
E:\00_git\Python3\15_birds\yolo\JPGs\000037.jpg 75,272,123,320,0 178,337,230,414,1 178,2,230,228,1
E:\00_git\Python3\15_birds\yolo\JPGs\000039.jpg 75,250,123,298,0 136,337,188,414,1 136,2,188,228,1
E:\00_git\Python3\15_birds\yolo\JPGs\000040.jpg 75,257,123,305,0 115,337,167,414,1 115,2,167,228,1
E:\00_git\Python3\15_birds\yolo\JPGs\000041.jpg 75,235,123,283,0 94,337,146,414,1 94,2,146,228,1
E:\00_git\Python3\15_birds\yolo\JPGs\000042.jpg 75,255,123,303,0 73,337,125,414,1 73,2,125,228,1
E:\00_git\Python3\15_birds\yolo\JPGs\000043.jpg 75,237,123,285,0 52,337,104,414,1 52,2,104,228,1 252,288,286,414,1 252,2,286,179,1
E:\00_git\Python3\15_birds\yolo\JPGs\000044.jpg 75,265,123,313,0 31,337,83,414,1 31,2,83,228,1 231,288,283,414,1 231,2,283,179,1
E:\00_git\Python3\15_birds\yolo\JPGs\000045.jpg 75,222,123,270,0 10,337,62,414,1 10,2,62,228,1 210,288,262,414,1 210,2,262,179,1
E:\00_git\Python3\15_birds\yolo\JPGs\000046.jpg 75,191,123,239,0 189,288,241,414,1 189,2,241,179,1
E:\00_git\Python3\15_birds\yolo\JPGs\000048.jpg 75,198,123,246,0 147,288,199,414,1 147,2,199,179,1
E:\00_git\Python3\15_birds\yolo\JPGs\000050.jpg 75,190,123,238,0 105,288,157,414,1 105,2,157,179,1
E:\00_git\Python3\15_birds\yolo\JPGs\000052.jpg 75,186,123,234,0 63,288,115,414,1 63,2,115,179,1
E:\00_git\Python3\15_birds\yolo\JPGs\000053.jpg 75,222,123,270,0 42,288,94,414,1 42,2,94,179,1 242,334,286,414,1 242,2,286,225,1
E:\00_git\Python3\15_birds\yolo\JPGs\000055.jpg 75,245,123,293,0 0,288,52,414,1 0,2,52,179,1 200,334,252,414,1 200,2,252,225,1
E:\00_git\Python3\15_birds\yolo\JPGs\000056.jpg 75,278,123,326,0 179,334,231,414,1 179,2,231,225,1
E:\00_git\Python3\15_birds\yolo\JPGs\000057.jpg 75,275,123,323,0 158,334,210,414,1 158,2,210,225,1
E:\00_git\Python3\15_birds\yolo\JPGs\000058.jpg 75,250,123,298,0 137,334,189,414,1 137,2,189,225,1
E:\00_git\Python3\15_birds\yolo\JPGs\000060.jpg 75,239,123,287,0 95,334,147,414,1 95,2,147,225,1
E:\00_git\Python3\15_birds\yolo\JPGs\000061.jpg 75,274,123,322,0 74,334,126,414,1 74,2,126,225,1
E:\00_git\Python3\15_birds\yolo\JPGs\000062.jpg 75,246,123,294,0 53,334,105,414,1 53,2,105,225,1 253,351,286,414,1 253,2,286,242,1
E:\00_git\Python3\15_birds\yolo\JPGs\000063.jpg 75,242,123,290,0 32,334,84,414,1 32,2,84,225,1 232,351,284,414,1 232,2,284,242,1
E:\00_git\Python3\15_birds\yolo\JPGs\000064.jpg 75,236,123,284,0 11,334,63,414,1 11,2,63,225,1 211,351,263,414,1 211,2,263,242,1
E:\00_git\Python3\15_birds\yolo\JPGs\000067.jpg 75,240,123,288,0 148,351,200,414,1 148,2,200,242,1
E:\00_git\Python3\15_birds\yolo\JPGs\000068.jpg 75,250,123,298,0 127,351,179,414,1 127,2,179,242,1
E:\00_git\Python3\15_birds\yolo\JPGs\000069.jpg 75,257,123,305,0 106,351,158,414,1 106,2,158,242,1
E:\00_git\Python3\15_birds\yolo\JPGs\000070.jpg 75,258,123,306,0 85,351,137,414,1 85,2,137,242,1
E:\00_git\Python3\15_birds\yolo\JPGs\000071.jpg 75,261,123,309,0 64,351,116,414,1 64,2,116,242,1
E:\00_git\Python3\15_birds\yolo\JPGs\000072.jpg 75,262,123,310,0 43,351,95,414,1 43,2,95,242,1 243,357,286,414,1 243,2,286,248,1
E:\00_git\Python3\15_birds\yolo\JPGs\000073.jpg 75,265,123,313,0 22,351,74,414,1 22,2,74,242,1 222,357,274,414,1 222,2,274,248,1
E:\00_git\Python3\15_birds\yolo\JPGs\000074.jpg 75,266,123,314,0 1,351,53,414,1 1,2,53,242,1 201,357,253,414,1 201,2,253,248,1
E:\00_git\Python3\15_birds\yolo\JPGs\000077.jpg 75,288,123,336,0 138,357,190,414,1 138,2,190,248,1
E:\00_git\Python3\15_birds\yolo\JPGs\000078.jpg 75,282,123,330,0 117,357,169,414,1 117,2,169,248,1
E:\00_git\Python3\15_birds\yolo\JPGs\000080.jpg 75,286,123,334,0 75,357,127,414,1 75,2,127,248,1
E:\00_git\Python3\15_birds\yolo\JPGs\000082.jpg 75,290,123,338,0 33,357,85,414,1 33,2,85,248,1 233,359,285,414,1 233,2,285,250,1
E:\00_git\Python3\15_birds\yolo\JPGs\000084.jpg 75,294,123,342,0 191,359,243,414,1 191,2,243,250,1
E:\00_git\Python3\15_birds\yolo\JPGs\000088.jpg 75,264,123,312,0 107,359,159,414,1 107,2,159,250,1
E:\00_git\Python3\15_birds\yolo\JPGs\000089.jpg 75,293,123,341,0 86,359,138,414,1 86,2,138,250,1
E:\00_git\Python3\15_birds\yolo\JPGs\000090.jpg 75,262,123,310,0 65,359,117,414,1 65,2,117,250,1
E:\00_git\Python3\15_birds\yolo\JPGs\000091.jpg 75,297,123,345,0 44,359,96,414,1 44,2,96,250,1 244,324,286,414,1 244,2,286,215,1
E:\00_git\Python3\15_birds\yolo\JPGs\000093.jpg 75,235,123,283,0 2,359,54,414,1 2,2,54,250,1 202,324,254,414,1 202,2,254,215,1
E:\00_git\Python3\15_birds\yolo\JPGs\000094.jpg 75,267,123,315,0 181,324,233,414,1 181,2,233,215,1
E:\00_git\Python3\15_birds\yolo\JPGs\000095.jpg 75,242,123,290,0 160,324,212,414,1 160,2,212,215,1
E:\00_git\Python3\15_birds\yolo\JPGs\000097.jpg 75,246,123,294,0 118,324,170,414,1 118,2,170,215,1
E:\00_git\Python3\15_birds\yolo\JPGs\000098.jpg 75,240,123,288,0 97,324,149,414,1 97,2,149,215,1
E:\00_git\Python3\15_birds\yolo\JPGs\000099.jpg 75,237,123,285,0 76,324,128,414,1 76,2,128,215,1
E:\00_git\Python3\15_birds\yolo\JPGs\000100.jpg 75,227,123,275,0 55,324,107,414,1 55,2,107,215,1 255,356,286,414,1 255,2,286,247,1
E:\00_git\Python3\15_birds\yolo\JPGs\000101.jpg 75,237,123,285,0 34,324,86,414,1 34,2,86,215,1 234,356,286,414,1 234,2,286,247,1
E:\00_git\Python3\15_birds\yolo\JPGs\000102.jpg 75,223,123,271,0 13,324,65,414,1 13,2,65,215,1 213,356,265,414,1 213,2,265,247,1
E:\00_git\Python3\15_birds\yolo\JPGs\000103.jpg 75,239,123,287,0 192,356,244,414,1 192,2,244,247,1
E:\00_git\Python3\15_birds\yolo\JPGs\000108.jpg 75,243,123,291,0 87,356,139,414,1 87,2,139,247,1
E:\00_git\Python3\15_birds\yolo\JPGs\000109.jpg 75,278,123,326,0 66,356,118,414,1 66,2,118,247,1
E:\00_git\Python3\15_birds\yolo\JPGs\000110.jpg 75,247,123,295,0 45,356,97,414,1 45,2,97,247,1 245,298,286,414,1 245,2,286,189,1
E:\00_git\Python3\15_birds\yolo\JPGs\000111.jpg 75,282,123,330,0 24,356,76,414,1 24,2,76,247,1 224,298,276,414,1 224,2,276,189,1
E:\00_git\Python3\15_birds\yolo\JPGs\000112.jpg 75,239,123,287,0 3,356,55,414,1 3,2,55,247,1 203,298,255,414,1 203,2,255,189,1
E:\00_git\Python3\15_birds\yolo\JPGs\000117.jpg 75,203,123,251,0 98,298,150,414,1 98,2,150,189,1
E:\00_git\Python3\15_birds\yolo\JPGs\000119.jpg 75,195,123,243,0 56,298,108,414,1 56,2,108,189,1 256,360,286,414,1 256,2,286,251,1
E:\00_git\Python3\15_birds\yolo\JPGs\000120.jpg 75,208,123,256,0 35,298,87,414,1 35,2,87,189,1 235,360,287,414,1 235,2,287,251,1
E:\00_git\Python3\15_birds\yolo\JPGs\000121.jpg 75,195,123,243,0 14,298,66,414,1 14,2,66,189,1 214,360,266,414,1 214,2,266,251,1
E:\00_git\Python3\15_birds\yolo\JPGs\000122.jpg 75,211,123,259,0 193,360,245,414,1 193,2,245,251,1
E:\00_git\Python3\15_birds\yolo\JPGs\000123.jpg 75,293,123,341,0 172,360,224,414,1 172,2,224,251,1
E:\00_git\Python3\15_birds\yolo\JPGs\000124.jpg 75,293,123,341,0 151,360,203,414,1 151,2,203,251,1
E:\00_git\Python3\15_birds\yolo\JPGs\000125.jpg 75,284,123,332,0 130,360,182,414,1 130,2,182,251,1
E:\00_git\Python3\15_birds\yolo\JPGs\000126.jpg 75,272,123,320,0 109,360,161,414,1 109,2,161,251,1
E:\00_git\Python3\15_birds\yolo\JPGs\000127.jpg 75,264,123,312,0 88,360,140,414,1 88,2,140,251,1
E:\00_git\Python3\15_birds\yolo\JPGs\000129.jpg 75,272,123,320,0 46,360,98,414,1 46,2,98,251,1 246,356,286,414,1 246,2,286,247,1
E:\00_git\Python3\15_birds\yolo\JPGs\000130.jpg 75,273,123,321,0 25,360,77,414,1 25,2,77,251,1 225,356,277,414,1 225,2,277,247,1
E:\00_git\Python3\15_birds\yolo\JPGs\000131.jpg 75,272,123,320,0 4,360,56,414,1 4,2,56,251,1 204,356,256,414,1 204,2,256,247,1
E:\00_git\Python3\15_birds\yolo\JPGs\000136.jpg 75,280,123,328,0 99,356,151,414,1 99,2,151,247,1
E:\00_git\Python3\15_birds\yolo\JPGs\000138.jpg 75,283,123,331,0 57,356,109,414,1 57,2,109,247,1 257,374,286,414,1 257,2,286,265,1
E:\00_git\Python3\15_birds\yolo\JPGs\000140.jpg 75,287,123,335,0 15,356,67,414,1 15,2,67,247,1 215,374,267,414,1 215,2,267,265,1
E:\00_git\Python3\15_birds\yolo\JPGs\000141.jpg 75,256,123,304,0 194,374,246,414,1 194,2,246,265,1
E:\00_git\Python3\15_birds\yolo\JPGs\000142.jpg 75,291,123,339,0 173,374,225,414,1 173,2,225,265,1
E:\00_git\Python3\15_birds\yolo\JPGs\000143.jpg 75,312,123,360,0 152,374,204,414,1 152,2,204,265,1
E:\00_git\Python3\15_birds\yolo\JPGs\000146.jpg 75,306,123,354,0 89,374,141,414,1 89,2,141,265,1
E:\00_git\Python3\15_birds\yolo\JPGs\000148.jpg 75,293,123,341,0 47,374,99,414,1 47,2,99,265,1 247,280,286,414,1 247,2,286,171,1
E:\00_git\Python3\15_birds\yolo\JPGs\000149.jpg 75,262,123,310,0 26,374,78,414,1 26,2,78,265,1 226,280,278,414,1 226,2,278,171,1
E:\00_git\Python3\15_birds\yolo\JPGs\000152.jpg 75,192,123,240,0 163,280,215,414,1 163,2,215,171,1
E:\00_git\Python3\15_birds\yolo\JPGs\000153.jpg 75,177,123,225,0 142,280,194,414,1 142,2,194,171,1
E:\00_git\Python3\15_birds\yolo\JPGs\000155.jpg 75,173,123,221,0 100,280,152,414,1 100,2,152,171,1
E:\00_git\Python3\15_birds\yolo\JPGs\000156.jpg 75,192,123,240,0 79,280,131,414,1 79,2,131,171,1
E:\00_git\Python3\15_birds\yolo\JPGs\000157.jpg 75,167,123,215,0 58,280,110,414,1 58,2,110,171,1 258,364,286,414,1 258,2,286,255,1
E:\00_git\Python3\15_birds\yolo\JPGs\000158.jpg 75,196,123,244,0 37,280,89,414,1 37,2,89,171,1 237,364,286,414,1 237,2,286,255,1
E:\00_git\Python3\15_birds\yolo\JPGs\000161.jpg 75,281,123,329,0 174,364,226,414,1 174,2,226,255,1
E:\00_git\Python3\15_birds\yolo\JPGs\000165.jpg 75,282,123,330,0 90,364,142,414,1 90,2,142,255,1
E:\00_git\Python3\15_birds\yolo\JPGs\000166.jpg 75,264,123,312,0 69,364,121,414,1 69,2,121,255,1
E:\00_git\Python3\15_birds\yolo\JPGs\000167.jpg 75,298,123,346,0 48,364,100,414,1 48,2,100,255,1 248,290,286,414,1 248,2,286,181,1
E:\00_git\Python3\15_birds\yolo\JPGs\000169.jpg 75,243,123,291,0 6,364,58,414,1 6,2,58,255,1 206,290,258,414,1 206,2,258,181,1
E:\00_git\Python3\15_birds\yolo\JPGs\000170.jpg 75,199,123,247,0 185,290,237,414,1 185,2,237,181,1
E:\00_git\Python3\15_birds\yolo\JPGs\000171.jpg 75,184,123,232,0 164,290,216,414,1 164,2,216,181,1
E:\00_git\Python3\15_birds\yolo\JPGs\000172.jpg 75,208,123,256,0 143,290,195,414,1 143,2,195,181,1
E:\00_git\Python3\15_birds\yolo\JPGs\000174.jpg 75,212,123,260,0 101,290,153,414,1 101,2,153,181,1
E:\00_git\Python3\15_birds\yolo\JPGs\000176.jpg 75,206,123,254,0 59,290,111,414,1 59,2,111,181,1 259,289,286,414,1 259,2,286,180,1
E:\00_git\Python3\15_birds\yolo\JPGs\000177.jpg 75,194,123,242,0 38,290,90,414,1 38,2,90,181,1 238,289,286,414,1 238,2,286,180,1
E:\00_git\Python3\15_birds\yolo\JPGs\000178.jpg 75,205,123,253,0 17,290,69,414,1 17,2,69,181,1 217,289,269,414,1 217,2,269,180,1
