000000
000001
000002
000003
000005
000006
000007
000008
000011
000012
000015
000016
000018
000019
000020
000021
000023
000024
000025
000027
000028
000029
000030
000031
000033
000034
000035
000036
000037
000039
000040
000041
000042
000043
000044
000045
000046
000048
000050
000052
000053
000055
000056
000057
000058
000060
000061
000062
000063
000064
000067
000068
000069
000070
000071
000072
000073
000074
000077
000078
000080
000082
000084
000088
000089
000090
000091
000093
000094
000095
000097
000098
000099
000100
000101
000102
000103
000108
000109
000110
000111
000112
000117
000119
000120
000121
000122
000123
000124
000125
000126
000127
000129
000130
000131
000136
000138
000140
000141
000142
000143
000146
000148
000149
000152
000153
000155
000156
000157
000158
000161
000165
000166
000167
000169
000170
000171
000172
000174
000176
000177
000178
